FNN MODEL
Params: 1262005
ACCURACY
Mean: 0.7473588784535726
std: 0.0038363267815032234
LOSS
Mean: 0.6864614486694336
std: 0.013196849979817802

CHN MODEL
Params: 2762005
ACCURACY
Mean: 0.7583220534854465
std: 0.0074880502570819785
LOSS
Mean: 0.6536644366052415
std: 0.02125885479028658