FNN MODEL
Params: 739505
ACCURACY
Mean: 0.7428319652875265
std: 0.0006995389655446428
LOSS
Mean: 0.7025352319081625
std: 0.0005184319452433945

CHN MODEL
Params: 760005
ACCURACY
Mean: 0.7494885524113973
std: 0.0006231250993785454
LOSS
Mean: 0.6795857747395834
std: 0.0027349173471016646