FNN MODEL
Params: 739505
ACCURACY
Mean: 0.742753267288208
std: 0.0006753985136854434
LOSS
Mean: 0.702158530553182
std: 9.35395516474163e-05

CHN MODEL
Params: 760005
ACCURACY
Mean: 0.750291128953298
std: 0.0005721634121765481
LOSS
Mean: 0.6774559219678243
std: 0.0035426715355565495