FNN MODEL
Params: 2830505
ACCURACY
Mean: 0.7479411164919535
std: 0.004552566145649614
LOSS
Mean: 0.6851795580652025
std: 0.014162415089615245

CHN MODEL
Params: 2762005
ACCURACY
Mean: 0.7586630251672533
std: 0.006823136615550753
LOSS
Mean: 0.6529935598373413
std: 0.020435086516759616