FNN MODEL
Params: 761005
ACCURACY
Mean: 0.7453262408574423
std: 0.002805539812721158
LOSS
Mean: 0.6941731373469034
std: 0.00948804072132903

CHN MODEL
Params: 1761005
ACCURACY
Mean: 0.7548311452070872
std: 0.0056539898218743775
LOSS
Mean: 0.6643657584985098
std: 0.016865770266356907