FNN MODEL
Params: 1011505
ACCURACY
Mean: 0.7652015884717306
std: 0.0028539946390703282
LOSS
Mean: 0.6349503099918365
std: 0.007011650907875107

CHN MODEL
Params: 2261505
ACCURACY
Mean: 0.7583876152833303
std: 0.008404892143172287
LOSS
Mean: 0.732270340124766
std: 0.09007542271252161