FNN MODEL
Params: 761005
ACCURACY
Mean: 0.745310495297114
std: 0.0028104026047934784
LOSS
Mean: 0.6934808293978373
std: 0.009761172388687022

CHN MODEL
Params: 1761005
ACCURACY
Mean: 0.7548075417677561
std: 0.006222800750476676
LOSS
Mean: 0.6647369861602783
std: 0.01664645693765301