FNN MODEL
Params: 1842365
ACCURACY
Mean: 0.7452711363633474
std: 0.002635697529837217
LOSS
Mean: 0.6932920316855112
std: 0.009318658882069014

CHN MODEL
Params: 1761005
ACCURACY
Mean: 0.7554448843002319
std: 0.005549956515319433
LOSS
Mean: 0.6638191441694895
std: 0.015005482936262974