FNN MODEL
Params: 1262005
ACCURACY
Mean: 0.747474279668596
std: 0.0040011772125595835
LOSS
Mean: 0.6867687039905124
std: 0.013769192000120828

CHN MODEL
Params: 2762005
ACCURACY
Mean: 0.7585476173294915
std: 0.007041302694116224
LOSS
Mean: 0.6531437171830071
std: 0.021267620288129792