FNN MODEL
Params: 260005
ACCURACY
Mean: 0.7427375713984171
std: 0.001194531714005248
LOSS
Mean: 0.70283309618632
std: 0.0006224519728631505

CHN MODEL
Params: 760005
ACCURACY
Mean: 0.7496931354204813
std: 0.00121345323126413
LOSS
Mean: 0.6796602408091227
std: 0.0042011860133118785