FNN MODEL
Params: 260005
ACCURACY
Mean: 0.7426903446515402
std: 0.0006942092381541307
LOSS
Mean: 0.7024781306584676
std: 0.001078876084496092

CHN MODEL
Params: 760005
ACCURACY
Mean: 0.7495829860369364
std: 0.0004757532086377531
LOSS
Mean: 0.6785215338071188
std: 0.0047351986446116275