FNN MODEL
Params: 1512505
ACCURACY
Mean: 0.7655556599299113
std: 0.002756205999682093
LOSS
Mean: 0.6393271883328756
std: 0.009022317079219857

CHN MODEL
Params: 3262505
ACCURACY
Mean: 0.7539262837833829
std: 0.009429489837161754
LOSS
Mean: 0.8292086256874932
std: 0.15608345741431937