FNN MODEL
Params: 510505
ACCURACY
Mean: 0.7633525331815084
std: 0.0018281650942680466
LOSS
Mean: 0.6384296615918478
std: 0.004733517970769669

CHN MODEL
Params: 1260505
ACCURACY
Mean: 0.7656343380610148
std: 0.0035641471540271983
LOSS
Mean: 0.6423440376917521
std: 0.004914072708451193