FNN MODEL
Params: 1842365
ACCURACY
Mean: 0.7452632685502371
std: 0.0025983126243925847
LOSS
Mean: 0.6940391063690186
std: 0.009425167194612822

CHN MODEL
Params: 1761005
ACCURACY
Mean: 0.7545400162537893
std: 0.005912285299122948
LOSS
Mean: 0.6650488575299581
std: 0.017177991849413654