FNN MODEL
Params: 2830505
ACCURACY
Mean: 0.7477942440244887
std: 0.0042435669167043355
LOSS
Mean: 0.6860091222657098
std: 0.01430741452344488

CHN MODEL
Params: 2762005
ACCURACY
Mean: 0.7583377824889289
std: 0.007541155126940533
LOSS
Mean: 0.6539452340867784
std: 0.02180202418815917