FNN MODEL
Params: 1836901
ACCURACY
Mean: 2.0786951780319214
std: 0.027277906919349598
LOSS
Mean: 7.996801217397054
std: 0.12249280167896898

CHN MODEL
Params: 1757501
ACCURACY
Mean: 2.0402986208597818
std: 0.02107925576620064
LOSS
Mean: 7.820764541625977
std: 0.10660304832777975