FNN MODEL
Params: 757501
ACCURACY
Mean: 2.1107865969340005
std: 0.04583256981428541
LOSS
Mean: 8.125549952189127
std: 0.1830612505438072

CHN MODEL
Params: 1757501
ACCURACY
Mean: 2.0413190921147666
std: 0.021122782863280617
LOSS
Mean: 7.82457693417867
std: 0.10580353840345003