FNN MODEL
Params: 733551
ACCURACY
Mean: 2.105891227722168
std: 0.002468420546249505
LOSS
Mean: 8.11913808186849
std: 0.008463731212568172

CHN MODEL
Params: 756501
ACCURACY
Mean: 2.0613518555959067
std: 0.0009108961530743436
LOSS
Mean: 7.927332083384196
std: 0.003488116283142321