FNN MODEL
Params: 256501
ACCURACY
Mean: 2.156546433766683
std: 0.0033557179374688146
LOSS
Mean: 8.308278401692709
std: 0.0150810821430108

CHN MODEL
Params: 756501
ACCURACY
Mean: 2.0623878637949624
std: 0.0007742536157970935
LOSS
Mean: 7.929981072743733
std: 0.009455346953733486