FNN MODEL
Params: 2825251
ACCURACY
Mean: 2.0634116066826715
std: 0.031069447428162787
LOSS
Mean: 7.927498605516222
std: 0.1401111583417664

CHN MODEL
Params: 2758501
ACCURACY
Mean: 2.0287260479397244
std: 0.02377306326577603
LOSS
Mean: 7.765691757202148
std: 0.11685342370356991