FNN MODEL
Params: 1258501
ACCURACY
Mean: 2.089592774709066
std: 0.04799703797996332
LOSS
Mean: 8.037401305304634
std: 0.19472939484968924

CHN MODEL
Params: 2758501
ACCURACY
Mean: 2.029292212592231
std: 0.024232805671780683
LOSS
Mean: 7.768594106038411
std: 0.1172041133142263