FNN MODEL
Params: 256001
ACCURACY
Mean: 8.884958267211914
std: 0.01627684411787721
LOSS
Mean: 126.56881968180339
std: 0.44915357572752945

CHN MODEL
Params: 756001
ACCURACY
Mean: 8.02656618754069
std: 0.0021546964061031977
LOSS
Mean: 104.87635803222656
std: 0.10119873955784799