FNN MODEL
Params: 2824501
ACCURACY
Mean: 8.12250820795695
std: 0.20721783748339345
LOSS
Mean: 107.04476843939887
std: 5.233904990730695

CHN MODEL
Params: 2758001
ACCURACY
Mean: 7.827097627851698
std: 0.15129099468485474
LOSS
Mean: 100.03595648871527
std: 3.6657774654000543