FNN MODEL
Params: 1836121
ACCURACY
Mean: 8.223288695017496
std: 0.1839656139934325
LOSS
Mean: 109.56395975748698
std: 4.692614444614552

CHN MODEL
Params: 1757001
ACCURACY
Mean: 7.909289916356404
std: 0.11859991791329193
LOSS
Mean: 101.98395538330078
std: 2.960942234709127