FNN MODEL
Params: 1258001
ACCURACY
Mean: 8.328250567118326
std: 0.394937997998196
LOSS
Mean: 112.24918958875868
std: 10.155469777969946

CHN MODEL
Params: 2758001
ACCURACY
Mean: 7.828105396694607
std: 0.15098303380029016
LOSS
Mean: 100.05343119303386
std: 3.6269266953900092