FNN MODEL
Params: 732701
ACCURACY
Mean: 8.406602223714193
std: 0.020667256007967618
LOSS
Mean: 114.23819478352864
std: 0.5683511778115461

CHN MODEL
Params: 756001
ACCURACY
Mean: 8.02750015258789
std: 0.0010322654091291532
LOSS
Mean: 104.9361063639323
std: 0.005787294586839299