FNN MODEL
Params: 757001
ACCURACY
Mean: 8.485765933990479
std: 0.3994064614668502
LOSS
Mean: 116.27377319335938
std: 10.300771956669356

CHN MODEL
Params: 1757001
ACCURACY
Mean: 7.911550760269165
std: 0.11520496833122687
LOSS
Mean: 102.0127550760905
std: 2.865603251838245