FNN MODEL
Params: 256501
ACCURACY
Mean: 2.05113156636556
std: 0.0007991834712204859
LOSS
Mean: 7.87481164932251
std: 0.0015920669905554654

CHN MODEL
Params: 756501
ACCURACY
Mean: 2.0012760957082114
std: 0.002070401740192898
LOSS
Mean: 7.635448773701985
std: 0.008793905856662001