FNN MODEL
Params: 1258501
ACCURACY
Mean: 2.0937432183159723
std: 0.05390036140489476
LOSS
Mean: 8.053786913553873
std: 0.21761656998080223

CHN MODEL
Params: 2758501
ACCURACY
Mean: 2.028513511021932
std: 0.023526189794592776
LOSS
Mean: 7.767666392856174
std: 0.11332279769205232