FNN MODEL
Params: 2825251
ACCURACY
Mean: 2.190814654032389
std: 0.16680051680831132
LOSS
Mean: 8.546312808990479
std: 0.7599314354060399

CHN MODEL
Params: 2758501
ACCURACY
Mean: 2.0632125536600747
std: 0.029633920582257643
LOSS
Mean: 7.9732950528462725
std: 0.12793104720023285