FNN MODEL
Params: 733551
ACCURACY
Mean: 2.4266574382781982
std: 0.0
LOSS
Mean: 9.62067985534668
std: 0.0

CHN MODEL
Params: 756501
ACCURACY
Mean: 2.1025989055633545
std: 0.0
LOSS
Mean: 8.142753601074219
std: 0.0