FNN MODEL
Params: 1836901
ACCURACY
Mean: 2.25185227394104
std: 0.1748051643371582
LOSS
Mean: 8.826580047607422
std: 0.7940998077392578

CHN MODEL
Params: 1757501
ACCURACY
Mean: 2.079259753227234
std: 0.023339152336120605
LOSS
Mean: 8.043102264404297
std: 0.09965133666992188