FNN MODEL
Params: 757501
ACCURACY
Mean: 2.1169643004735312
std: 0.052325650600299194
LOSS
Mean: 8.151639540990194
std: 0.20569337258517775

CHN MODEL
Params: 1757501
ACCURACY
Mean: 2.039599299430847
std: 0.021472530967420106
LOSS
Mean: 7.820526997248332
std: 0.1042478150780836