FNN MODEL
Params: 256501
ACCURACY
Mean: 2.169243335723877
std: 0.00270231466559107
LOSS
Mean: 8.35705534617106
std: 0.01472496340403686

CHN MODEL
Params: 756501
ACCURACY
Mean: 2.061046520868937
std: 0.0006516149246645759
LOSS
Mean: 7.924658139546712
std: 0.0028674127519859064