FNN MODEL
Params: 757501
ACCURACY
Mean: 2.0294289588928223
std: 0.021893561268398577
LOSS
Mean: 7.773130575815837
std: 0.10209678268759781

CHN MODEL
Params: 1757501
ACCURACY
Mean: 1.9967217246691387
std: 0.008224188790058432
LOSS
Mean: 7.630096276601155
std: 0.018700129408535462