FNN MODEL
Params: 733551
ACCURACY
Mean: 2.105888525644938
std: 0.0015465678926374618
LOSS
Mean: 8.122585932413736
std: 0.005207356381339551

CHN MODEL
Params: 756501
ACCURACY
Mean: 2.0613021850585938
std: 0.001446883975007662
LOSS
Mean: 7.9281338055928545
std: 0.00485700891725925