FNN MODEL
Params: 2825251
ACCURACY
Mean: 2.063540670606825
std: 0.030860183526181317
LOSS
Mean: 7.930597358279758
std: 0.1399965258493753

CHN MODEL
Params: 2758501
ACCURACY
Mean: 2.0275839699639215
std: 0.02466354775313294
LOSS
Mean: 7.765368779500325
std: 0.11836221137369309