FNN MODEL
Params: 1258501
ACCURACY
Mean: 2.0203526814778647
std: 0.02233580718036595
LOSS
Mean: 7.736760563320583
std: 0.09834821739694635

CHN MODEL
Params: 2758501
ACCURACY
Mean: 1.9976315100987752
std: 0.011628707310111296
LOSS
Mean: 7.654223018222385
std: 0.04343772112383697