FNN MODEL
Params: 1836901
ACCURACY
Mean: 2.078588883082072
std: 0.027354935859427554
LOSS
Mean: 7.99932320912679
std: 0.12339593988933896

CHN MODEL
Params: 1757501
ACCURACY
Mean: 2.0397411584854126
std: 0.02164096597777436
LOSS
Mean: 7.822624047597249
std: 0.10573447343618843