FNN MODEL
Params: 648010
ACCURACY
Mean: 0.09771428257226944
std: 0.0
LOSS
Mean: 0.6331677635510763
std: 0.018049417500897707

CHN MODEL
Params: 1148010
ACCURACY
Mean: 0.09771428257226944
std: 0.0
LOSS
Mean: 0.00036217573991355795
std: 1.4376723763020444e-05