FNN MODEL
Params: 1650010
ACCURACY
Mean: 0.09771428257226944
std: 0.0
LOSS
Mean: 0.21140394576003826
std: 0.29841427772333345

CHN MODEL
Params: 3150010
ACCURACY
Mean: 0.09771428257226944
std: 0.0
LOSS
Mean: 0.0001241436187153037
std: 0.00016854056128061878