FNN MODEL
Params: 2844758
ACCURACY
Mean: 0.7909059789445665
std: 0.0013205509547861494
LOSS
Mean: 0.46937429573800826
std: 0.0035337401065282537

CHN MODEL
Params: 2771508
ACCURACY
Mean: 0.7909389999177721
std: 0.0022062911673414137
LOSS
Mean: 0.47660816046926713
std: 0.012581830668197165