FNN MODEL
Params: 1021008
ACCURACY
Mean: 0.7829305728276571
std: 0.001386179939326525
LOSS
Mean: 0.48014577229817706
std: 0.003415464669380077

CHN MODEL
Params: 2271008
ACCURACY
Mean: 0.7916047771771749
std: 0.0008494125833630009
LOSS
Mean: 0.4693891803423564
std: 0.0020737541313452777