FNN MODEL
Params: 1522008
ACCURACY
Mean: 0.7842923667695787
std: 0.0027176287077513694
LOSS
Mean: 0.47842678758833146
std: 0.003750678921168566

CHN MODEL
Params: 3272008
ACCURACY
Mean: 0.7915167344941033
std: 0.0013270001059267416
LOSS
Mean: 0.46849923332532245
std: 0.0021593145158725793