FNN MODEL
Params: 2844758
ACCURACY
Mean: 0.790449321269989
std: 0.001695283985256181
LOSS
Mean: 0.4700499243206448
std: 0.003438487945775051

CHN MODEL
Params: 2771508
ACCURACY
Mean: 0.7915332383579678
std: 0.0017037433987098724
LOSS
Mean: 0.4753722912735409
std: 0.01042877069108514