FNN MODEL
Params: 770508
ACCURACY
Mean: 0.7886996169885
std: 0.002536653358776708
LOSS
Mean: 0.4733663002649943
std: 0.0041727366890779855

CHN MODEL
Params: 1770508
ACCURACY
Mean: 0.791563500960668
std: 0.0014013249604389376
LOSS
Mean: 0.4670303612947464
std: 0.0022092760653643073