FNN MODEL
Params: 269508
ACCURACY
Mean: 0.7865207393964132
std: 0.0009627717124001631
LOSS
Mean: 0.47737189133961994
std: 0.0004159547850733472

CHN MODEL
Params: 769508
ACCURACY
Mean: 0.7928757667541504
std: 0.00032679462169257523
LOSS
Mean: 0.46507856249809265
std: 0.0012301742522119936