FNN MODEL
Params: 1271508
ACCURACY
Mean: 0.7887821462419298
std: 0.0025394373768612196
LOSS
Mean: 0.47189198931058246
std: 0.004026730944318478

CHN MODEL
Params: 2771508
ACCURACY
Mean: 0.7902732359038459
std: 0.002199623361811648
LOSS
Mean: 0.4755108687612746
std: 0.012200477102875381