FNN MODEL
Params: 1522008
ACCURACY
Mean: 0.7829553286234537
std: 0.0024229369608802075
LOSS
Mean: 0.4869279166062673
std: 0.005115042515180863

CHN MODEL
Params: 3272008
ACCURACY
Mean: 0.5406226317087809
std: 0.17118002933182475
LOSS
Mean: 1.1702460447947185
std: 0.48457580957020885