FNN MODEL
Params: 1857188
ACCURACY
Mean: 0.7910187939802805
std: 0.0012033219021454248
LOSS
Mean: 0.47039709488550824
std: 0.004139592775507089

CHN MODEL
Params: 1770508
ACCURACY
Mean: 0.7923970818519592
std: 0.0013415130875877174
LOSS
Mean: 0.46826431155204773
std: 0.0032757439000430503