FNN MODEL
Params: 1021008
ACCURACY
Mean: 0.7846637666225433
std: 0.00022283196449279785
LOSS
Mean: 0.48331569135189056
std: 0.00031776726245880127

CHN MODEL
Params: 2271008
ACCURACY
Mean: 0.6011439114809036
std: 0.1815638393163681
LOSS
Mean: 0.9992607235908508
std: 0.5143079161643982