FNN MODEL
Params: 755658
ACCURACY
Mean: 0.7906473676363627
std: 9.336931840113392e-05
LOSS
Mean: 0.4741579492886861
std: 0.00025315883768493223

CHN MODEL
Params: 769508
ACCURACY
Mean: 0.793156365553538
std: 0.0004902140090281063
LOSS
Mean: 0.4657265941301982
std: 0.0006504197771587888