FNN MODEL
Params: 520008
ACCURACY
Mean: 0.7848865985870361
std: 0.0
LOSS
Mean: 0.48363345861434937
std: 0.0

CHN MODEL
Params: 1270008
ACCURACY
Mean: 0.7827077507972717
std: 0.0
LOSS
Mean: 0.48495280742645264
std: 0.0