FNN MODEL
Params: 269508
ACCURACY
Mean: 0.7874946395556132
std: 0.0013066142159402344
LOSS
Mean: 0.4769703249136607
std: 0.0005879014513902733

CHN MODEL
Params: 769508
ACCURACY
Mean: 0.7935195167859396
std: 0.0005779541799669663
LOSS
Mean: 0.465199073155721
std: 0.0010191070745185474