FNN MODEL
Params: 755658
ACCURACY
Mean: 0.790053149064382
std: 0.0003243057714130314
LOSS
Mean: 0.47446362177530926
std: 0.00038743963775162495

CHN MODEL
Params: 769508
ACCURACY
Mean: 0.7931894063949585
std: 0.0004285407356017927
LOSS
Mean: 0.4653585950533549
std: 0.0011396967807330773