FNN MODEL
Params: 770508
ACCURACY
Mean: 0.7891370356082916
std: 0.0020097432038571786
LOSS
Mean: 0.4730537086725235
std: 0.004052620339533824

CHN MODEL
Params: 1770508
ACCURACY
Mean: 0.792619913816452
std: 0.0012404353015778888
LOSS
Mean: 0.4676755964756012
std: 0.0027871918134053575