FNN MODEL
Params: 520008
ACCURACY
Mean: 0.7822620670000712
std: 0.0009157781059542036
LOSS
Mean: 0.4835011164347331
std: 0.0008758795428155518

CHN MODEL
Params: 1270008
ACCURACY
Mean: 0.7918193737665812
std: 0.00043734877494921884
LOSS
Mean: 0.4714363018671672
std: 0.0004218995016723149