FNN MODEL
Params: 1857188
ACCURACY
Mean: 0.7910682956377665
std: 0.001207045609775601
LOSS
Mean: 0.47079502046108246
std: 0.003549575981392184

CHN MODEL
Params: 1770508
ACCURACY
Mean: 0.7919348875681559
std: 0.0017674295671056147
LOSS
Mean: 0.4679129372040431
std: 0.0022448156495468753