FNN MODEL
Params: 1271508
ACCURACY
Mean: 0.7896624935997857
std: 0.0022150807875249675
LOSS
Mean: 0.4718412492010329
std: 0.0037847876006971174

CHN MODEL
Params: 2771508
ACCURACY
Mean: 0.7911315692795647
std: 0.0024527055254357243
LOSS
Mean: 0.476381563478046
std: 0.012663996923685838