FNN MODEL
Params: 1149010
ACCURACY
Mean: 0.09771428257226944
std: 0.0
LOSS
Mean: 1.970997611048612e-07
std: 2.452217046852187e-07

CHN MODEL
Params: 2149010
ACCURACY
Mean: 0.09771428257226944
std: 0.0
LOSS
Mean: 6.204842032767981e-08
std: 5.5150863112617624e-08