FNN MODEL
Params: 1650010
ACCURACY
Mean: 0.09771428257226944
std: 0.0
LOSS
Mean: 1.3641136102175247e-07
std: 2.1785084120476277e-07

CHN MODEL
Params: 3150010
ACCURACY
Mean: 0.09771428257226944
std: 0.0
LOSS
Mean: 4.136561355178654e-08
std: 5.3696388397814964e-08