FNN MODEL
Params: 648010
ACCURACY
Mean: 0.09771428257226944
std: 0.0
LOSS
Mean: 3.530155557503652e-07
std: 2.676455123153515e-07

CHN MODEL
Params: 1148010
ACCURACY
Mean: 0.09771428257226944
std: 0.0
LOSS
Mean: 1.138590353851517e-07
std: 2.5504349510134605e-08