FNN MODEL
Params: 1149010
ACCURACY
Mean: 0.09771428257226944
std: 0.0
LOSS
Mean: 0.0
std: 0.0

CHN MODEL
Params: 2149010
ACCURACY
Mean: 0.09771428257226944
std: 0.0
LOSS
Mean: 0.0
std: 0.0