FNN MODEL
Params: 648010
ACCURACY
Mean: 0.09771428257226944
std: 0.0
LOSS
Mean: 0.0
std: 0.0

CHN MODEL
Params: 1148010
ACCURACY
Mean: 0.09771428257226944
std: 0.0
LOSS
Mean: 0.0
std: 0.0