FNN MODEL
Params: 740351
ACCURACY
Mean: 881.1881713867188
std: 0.0
LOSS
Mean: 1303305.5
std: 0.0

CHN MODEL
Params: 760501
ACCURACY
Mean: 765.7898559570312
std: 0.0
LOSS
Mean: 914362.3125
std: 0.0