FNN MODEL
Params: 761501
ACCURACY
Mean: 702.8331502278646
std: 21.661640901156197
LOSS
Mean: 802617.0625
std: 33834.71936481953

CHN MODEL
Params: 1761501
ACCURACY
Mean: 672.4651184082031
std: 15.939864346598442
LOSS
Mean: 755283.0208333334
std: 24151.384373458055