FNN MODEL
Params: 260501
ACCURACY
Mean: 724.4795125325521
std: 0.388865616954521
LOSS
Mean: 836447.7916666666
std: 121.53011386643597

CHN MODEL
Params: 760501
ACCURACY
Mean: 688.0541381835938
std: 0.5907316051967145
LOSS
Mean: 779004.3541666666
std: 658.3095110405051