FNN MODEL
Params: 1262501
ACCURACY
Mean: 691.6858113606771
std: 23.70073939749974
LOSS
Mean: 785103.0138888889
std: 37108.92581275251

CHN MODEL
Params: 2762501
ACCURACY
Mean: 664.1272922092014
std: 17.94158627681882
LOSS
Mean: 743317.7847222222
std: 26320.4422992184