FNN MODEL
Params: 1258501
ACCURACY
Mean: 3.000937196943495
std: 0.16276277657224034
LOSS
Mean: 13.821453306410048
std: 1.467085343617387

CHN MODEL
Params: 2758501
ACCURACY
Mean: 2.1178084744347467
std: 0.23608764122909345
LOSS
Mean: 7.36888239118788
std: 1.3838813102277117