FNN MODEL
Params: 733551
ACCURACY
Mean: 3.2181586424509683
std: 0.026194922956745335
LOSS
Mean: 15.827127456665039
std: 0.2734019015904285

CHN MODEL
Params: 756501
ACCURACY
Mean: 2.479674975077311
std: 0.05116765597890958
LOSS
Mean: 9.533175150553385
std: 0.34380157696695185