FNN MODEL
Params: 2825251
ACCURACY
Mean: 3.0060375796424017
std: 0.15642951363914404
LOSS
Mean: 13.854292763604057
std: 1.4518742281181762

CHN MODEL
Params: 2758501
ACCURACY
Mean: 2.134379188219706
std: 0.24947494242340226
LOSS
Mean: 7.480806403689915
std: 1.4849557584075357