FNN MODEL
Params: 757501
ACCURACY
Mean: 3.091733932495117
std: 0.1125789182909755
LOSS
Mean: 14.633906682332357
std: 1.0448351164949676

CHN MODEL
Params: 1757501
ACCURACY
Mean: 2.2232210636138916
std: 0.22163066931591896
LOSS
Mean: 7.983378807703654
std: 1.307439217311564