FNN MODEL
Params: 1836901
ACCURACY
Mean: 3.076659639676412
std: 0.14619102128203287
LOSS
Mean: 14.50511884689331
std: 1.3654728230821243

CHN MODEL
Params: 1757501
ACCURACY
Mean: 2.2456647157669067
std: 0.2368448071109248
LOSS
Mean: 8.139264106750488
std: 1.4152557152050176