FNN MODEL
Params: 256501
ACCURACY
Mean: 3.2026024659474692
std: 0.02054613076274833
LOSS
Mean: 15.662781397501627
std: 0.20455352748807543

CHN MODEL
Params: 756501
ACCURACY
Mean: 2.4415886402130127
std: 0.05309880328908562
LOSS
Mean: 9.263988494873047
std: 0.3701476021062422