FNN MODEL
Params: 648010
ACCURACY
Mean: 0.9659047524134318
std: 0.000421902487522253
LOSS
Mean: 0.11320741722981136
std: 0.0019705517456876445

CHN MODEL
Params: 1148010
ACCURACY
Mean: 0.9774523774782816
std: 0.0007030875644503292
LOSS
Mean: 0.07153343906005223
std: 0.0018976242099808071