FNN MODEL
Params: 1650010
ACCURACY
Mean: 0.9711031781302558
std: 0.003930974426395544
LOSS
Mean: 0.09500836580991745
std: 0.015222782835558843

CHN MODEL
Params: 3150010
ACCURACY
Mean: 0.9766984184583029
std: 0.0007037066912852843
LOSS
Mean: 0.10441306150621837
std: 0.028952165715414698