FNN MODEL
Params: 1276810
ACCURACY
Mean: 0.9734761913617452
std: 0.0003316264680913288
LOSS
Mean: 0.08395081758499146
std: 0.002729046927248479

CHN MODEL
Params: 1148010
ACCURACY
Mean: 0.9774523774782816
std: 0.0008254841198138964
LOSS
Mean: 0.07082993040482204
std: 0.0013682421041513902