FNN MODEL
Params: 1149010
ACCURACY
Mean: 0.09771428257226944
std: 0.0
LOSS
Mean: 1.8638521164386173e-05
std: 2.1026060861130146e-05

CHN MODEL
Params: 2149010
ACCURACY
Mean: 0.09771428257226944
std: 0.0
LOSS
Mean: 2.2684390899030404e-07
std: 2.087494024493015e-07