FNN MODEL
Params: 2286010
ACCURACY
Mean: 0.9743928611278534
std: 0.0026597840966804983
LOSS
Mean: 0.08441752816239993
std: 0.009655723946381268

CHN MODEL
Params: 2149010
ACCURACY
Mean: 0.9763095279534658
std: 0.000649001122580052
LOSS
Mean: 0.08874629065394402
std: 0.014277900011870053