FNN MODEL
Params: 3168010
ACCURACY
Mean: 0.9751825465096368
std: 0.002826651108021335
LOSS
Mean: 0.09132298909955555
std: 0.019925840442051215

CHN MODEL
Params: 3150010
ACCURACY
Mean: 0.9776269859737821
std: 0.0007406143195766463
LOSS
Mean: 0.09938385751512316
std: 0.02489001578406881