FNN MODEL
Params: 1149010
ACCURACY
Mean: 0.9699761867523193
std: 0.004107544906859256
LOSS
Mean: 0.0972694382071495
std: 0.016016290545943817

CHN MODEL
Params: 2149010
ACCURACY
Mean: 0.9767142732938131
std: 0.0009053959671913835
LOSS
Mean: 0.09197987740238507
std: 0.021085361466602497