FNN MODEL
Params: 648010
ACCURACY
Mean: 0.9655714233716329
std: 0.0003499399822886081
LOSS
Mean: 0.11602311581373215
std: 0.002705168481920392

CHN MODEL
Params: 1148010
ACCURACY
Mean: 0.9765238165855408
std: 0.00017819310736849183
LOSS
Mean: 0.07301548620065053
std: 0.0003694056279144383