FNN MODEL
Params: 1276810
ACCURACY
Mean: 0.9714285532633463
std: 0.0010642549005829922
LOSS
Mean: 0.09325448671976726
std: 0.002142274507876436

CHN MODEL
Params: 1148010
ACCURACY
Mean: 0.9768333236376444
std: 0.0007292257429852233
LOSS
Mean: 0.07345188657442729
std: 0.001780665380951007