FNN MODEL
Params: 3168010
ACCURACY
Mean: 0.9748492108450996
std: 0.0026208907540883884
LOSS
Mean: 0.09013848917351829
std: 0.01172017882923716

CHN MODEL
Params: 3150010
ACCURACY
Mean: 0.9765714274512397
std: 0.0008384249351312935
LOSS
Mean: 0.10508751372496287
std: 0.02660810705882057