FNN MODEL
Params: 648010
ACCURACY
Mean: 0.09771428257226944
std: 0.0
LOSS
Mean: 3.701929199451115e-05
std: 1.443896733730694e-05

CHN MODEL
Params: 1148010
ACCURACY
Mean: 0.09771428257226944
std: 0.0
LOSS
Mean: 4.330958347509295e-07
std: 4.5521066083782116e-08