FNN MODEL
Params: 1650010
ACCURACY
Mean: 0.9733095301522149
std: 0.003467872835564354
LOSS
Mean: 0.09047253843810824
std: 0.009673263646474925

CHN MODEL
Params: 3150010
ACCURACY
Mean: 0.9776507947180006
std: 0.0009193356480204449
LOSS
Mean: 0.09941076984008153
std: 0.02506587844984086