FNN MODEL
Params: 648010
ACCURACY
Mean: 0.9686904748280843
std: 0.0014289864056115477
LOSS
Mean: 0.10152749965588252
std: 0.003479584482215243

CHN MODEL
Params: 1148010
ACCURACY
Mean: 0.9774523774782816
std: 0.0002935521769367389
LOSS
Mean: 0.07063348839680354
std: 0.0002862946291853647