FNN MODEL
Params: 1276810
ACCURACY
Mean: 0.971833328406016
std: 0.0009712437803907003
LOSS
Mean: 0.09395754585663478
std: 0.0019700069372300716

CHN MODEL
Params: 1148010
ACCURACY
Mean: 0.9758809606234232
std: 0.0005753884184381164
LOSS
Mean: 0.07450098792711894
std: 0.0013228354755891428