FNN MODEL
Params: 1149010
ACCURACY
Mean: 0.9697738091150919
std: 0.0042228411013162945
LOSS
Mean: 0.09848952914277713
std: 0.017641019547952504

CHN MODEL
Params: 2149010
ACCURACY
Mean: 0.977011909087499
std: 0.0006420775578372533
LOSS
Mean: 0.08564028268059094
std: 0.01267531477478667