FNN MODEL
Params: 1149010
ACCURACY
Mean: 0.9719761908054352
std: 0.0035453077739361514
LOSS
Mean: 0.09002783273657163
std: 0.01176809771682279

CHN MODEL
Params: 2149010
ACCURACY
Mean: 0.9776666760444641
std: 0.00037496234755574856
LOSS
Mean: 0.08458101501067479
std: 0.014033344791066079