FNN MODEL
Params: 3168010
ACCURACY
Mean: 0.9749444524447123
std: 0.0023100914209263773
LOSS
Mean: 0.09012797723213832
std: 0.011360469410136685

CHN MODEL
Params: 3150010
ACCURACY
Mean: 0.9761825402577718
std: 0.000650409363873361
LOSS
Mean: 0.1077986318204138
std: 0.029719944664506562