FNN MODEL
Params: 1650010
ACCURACY
Mean: 0.9715238081084357
std: 0.004009348143589552
LOSS
Mean: 0.09354564216401842
std: 0.01416537196021705

CHN MODEL
Params: 3150010
ACCURACY
Mean: 0.9765555461247762
std: 0.0008375975804782034
LOSS
Mean: 0.1091670733359125
std: 0.029814553265395984