FNN MODEL
Params: 1650010
ACCURACY
Mean: 0.09771428257226944
std: 0.0
LOSS
Mean: 1.2432627081911582e-05
std: 1.9280985449474526e-05

CHN MODEL
Params: 3150010
ACCURACY
Mean: 0.09771428257226944
std: 0.0
LOSS
Mean: 1.512292726602027e-07
std: 2.0121138586892624e-07