FNN MODEL
Params: 2286010
ACCURACY
Mean: 0.9755000074704488
std: 0.002055777058357308
LOSS
Mean: 0.08064325526356697
std: 0.003833078357783644

CHN MODEL
Params: 2149010
ACCURACY
Mean: 0.9778809547424316
std: 0.0007886014799034549
LOSS
Mean: 0.08361347019672394
std: 0.013455258202589098