FNN MODEL
Params: 2286010
ACCURACY
Mean: 0.9743690490722656
std: 0.0030437511881400174
LOSS
Mean: 0.08402479191621144
std: 0.009356136980751743

CHN MODEL
Params: 2149010
ACCURACY
Mean: 0.9769999980926514
std: 0.0006294978636936473
LOSS
Mean: 0.08859358976284663
std: 0.015225624181765877