FNN MODEL
Params: 2828251
ACCURACY
Mean: 0.8482956290245056
std: 0.001231204534586714
LOSS
Mean: 0.32552095254262287
std: 0.0008136757787935689

CHN MODEL
Params: 2760501
ACCURACY
Mean: 0.847681442896525
std: 0.0006527741892069765
LOSS
Mean: 0.33185115456581116
std: 0.0016313025918841446