FNN MODEL
Params: 1010001
ACCURACY
Mean: 0.844866414864858
std: 0.0029907026617856445
LOSS
Mean: 0.334445059299469
std: 0.005859071918235546

CHN MODEL
Params: 2260001
ACCURACY
Mean: 0.849063366651535
std: 0.001567836165696143
LOSS
Mean: 0.32639841238657635
std: 0.0005811538294900575