FNN MODEL
Params: 759501
ACCURACY
Mean: 0.847391406695048
std: 0.0015652201733689097
LOSS
Mean: 0.3296752671400706
std: 0.003991569584436644

CHN MODEL
Params: 1759501
ACCURACY
Mean: 0.8453441063563029
std: 0.0032997897992487688
LOSS
Mean: 0.3320441742738088
std: 0.007809112478365695