FNN MODEL
Params: 759501
ACCURACY
Mean: 0.846896638472875
std: 0.0009282182386886288
LOSS
Mean: 0.3293752272923787
std: 0.004210446763480537

CHN MODEL
Params: 1759501
ACCURACY
Mean: 0.8474937677383423
std: 0.001745619029494838
LOSS
Mean: 0.3309933543205261
std: 0.0063205253902429035