FNN MODEL
Params: 1511001
ACCURACY
Mean: 0.8459526167975532
std: 0.0028858223484152156
LOSS
Mean: 0.3322080870469411
std: 0.0057387006710202726

CHN MODEL
Params: 3261001
ACCURACY
Mean: 0.8482842577828301
std: 0.0018026056732540928
LOSS
Mean: 0.3289068639278412
std: 0.003659985904779392