FNN MODEL
Params: 509502
ACCURACY
Mean: 0.608421191573143
std: 0.26091568634365525
LOSS
Mean: 3.7053746581077576
std: 4.320832305606775
CHN MODEL
Params: 1289562
ACCURACYMean: 0.7694748640060425
std: 0.0006841534557649611
LOSS
Mean: 0.7483374873797098
std: 0.13508934536395054
