FNN MODEL
Params: 1010502
ACCURACY
Mean: 0.7589313387870789
std: 0.0
LOSS
Mean: 0.5225440661112467
std: 0.008212910053494397

CHN MODEL
Params: 2260502
ACCURACY
Mean: 0.81852458914121
std: 0.006446638033191032
LOSS
Mean: 0.3928746332724889
std: 0.019732848427620863