FNN MODEL
Params: 1010502
ACCURACY
Mean: 0.7016071205337843
std: 0.206716271102855
LOSS
Mean: 2.108850672841072
std: 3.447290035021798
CHN MODEL
Params: 2290562
ACCURACYMean: 0.7681441307067871
std: 0.001415939295755526
LOSS
Mean: 0.6457043091456095
std: 0.14021238960368482
