FNN MODEL
Params: 509502
ACCURACY
Mean: 0.7967721025149027
std: 0.025780485006257785
LOSS
Mean: 0.4370494882265727
std: 0.04876542460852372
CHN MODEL
Params: 1259502
ACCURACY
Mean: 0.8423584699630737
std: 0.0035548729535496266
LOSS
Mean: 0.3368914822737376
std: 0.009271979678746711
