FNN MODEL
Params: 1840021
ACCURACY
Mean: 0.8482103149096171
std: 0.0011602554337765017
LOSS
Mean: 0.32800451417764026
std: 0.0023590500084798398

CHN MODEL
Params: 1759501
ACCURACY
Mean: 0.8470501899719238
std: 0.00184579916060811
LOSS
Mean: 0.33337831993897754
std: 0.009360972043803059