FNN MODEL
Params: 1010502
ACCURACY
Mean: 0.8448323011398315
std: 0.0025278178380002524
LOSS
Mean: 0.33264437814553577
std: 0.004949883036680286

CHN MODEL
Params: 2260502
ACCURACY
Mean: 0.8485685884952545
std: 0.0012378120803449198
LOSS
Mean: 0.32628782590230304
std: 0.000659382363170748