FNN MODEL
Params: 1260501
ACCURACY
Mean: 0.8476928141382005
std: 0.0014447905927183642
LOSS
Mean: 0.3294210135936737
std: 0.003365632838809859

CHN MODEL
Params: 2760501
ACCURACY
Mean: 0.843006776438819
std: 0.004271605902879853
LOSS
Mean: 0.3571435908476512
std: 0.036281301032141534