FNN MODEL
Params: 1840021
ACCURACY
Mean: 0.8486709793408712
std: 0.0010583055212614813
LOSS
Mean: 0.32672091325124103
std: 0.0004081238669894915

CHN MODEL
Params: 1759501
ACCURACY
Mean: 0.8490121960639954
std: 0.000508411068253732
LOSS
Mean: 0.32514484723409015
std: 0.00062024754991535