FNN MODEL
Params: 1260501
ACCURACY
Mean: 0.8443375296062894
std: 0.005139114172650001
LOSS
Mean: 0.3348833984798855
std: 0.010930773859819536

CHN MODEL
Params: 2760501
ACCURACY
Mean: 0.8480340242385864
std: 0.0018863409978365625
LOSS
Mean: 0.32786958747439915
std: 0.0032423232751863534