FNN MODEL
Params: 736951
ACCURACY
Mean: 0.8421537478764852
std: 0.0013451065698957103
LOSS
Mean: 0.3413639763991038
std: 0.0008971940742479025

CHN MODEL
Params: 758501
ACCURACY
Mean: 0.8483297427495321
std: 0.00037689554292737214
LOSS
Mean: 0.3278714915116628
std: 0.0002495252917130634