FNN MODEL
Params: 258501
ACCURACY
Mean: 0.8466236591339111
std: 0.0004122980106862318
LOSS
Mean: 0.3335520426432292
std: 0.00040566572191161256

CHN MODEL
Params: 758501
ACCURACY
Mean: 0.8488415678342184
std: 0.0011711084488433734
LOSS
Mean: 0.32478193442026776
std: 0.0012731934814724302