FNN MODEL
Params: 1010502
ACCURACY
Mean: 0.8176203668117523
std: 0.027937584208902067
LOSS
Mean: 0.39079559842745465
std: 0.05824479567372161
CHN MODEL
Params: 2260502
ACCURACY
Mean: 0.8432626922925314
std: 0.002880450157619866
LOSS
Mean: 0.33068472643693286
std: 0.00908704583177937
