FNN MODEL
Params: 1840021
ACCURACY
Mean: 0.8478179176648458
std: 0.0007009469577982022
LOSS
Mean: 0.3280085374911626
std: 0.0018565507625274663

CHN MODEL
Params: 1759501
ACCURACY
Mean: 0.8471184372901917
std: 0.0017913943245674241
LOSS
Mean: 0.3317293773094813
std: 0.007025950603240131