FNN MODEL
Params: 1511502
ACCURACY
Mean: 0.7332377847698
std: 0.17462358696684052
LOSS
Mean: 1.5735899938477411
std: 2.9147142857411157
CHN MODEL
Params: 3291562
ACCURACYMean: 0.774843328528934
std: 0.009640304490707371
LOSS
Mean: 7.167101144790649
std: 10.916784421122184
