FNN MODEL
Params: 759501
ACCURACY
Mean: 0.8419490257898966
std: 0.004736509921611689
LOSS
Mean: 0.33938220143318176
std: 0.010872938473103026

CHN MODEL
Params: 1759501
ACCURACY
Mean: 0.8487221399943033
std: 0.001292683406415271
LOSS
Mean: 0.32604456941286725
std: 0.001408217444034791