FNN MODEL
Params: 736951
ACCURACY
Mean: 0.8477155566215515
std: 0.00019303256617989465
LOSS
Mean: 0.32977179686228436
std: 0.00027806292972494935

CHN MODEL
Params: 758501
ACCURACY
Mean: 0.848739226659139
std: 0.0007491180464385084
LOSS
Mean: 0.32474733392397565
std: 0.000589546980521679