FNN MODEL
Params: 1511502
ACCURACY
Mean: 0.7589313387870789
std: 0.0
LOSS
Mean: 0.5286355548434787
std: 0.011012152873898111

CHN MODEL
Params: 3261502
ACCURACY
Mean: 0.8227158519956801
std: 0.008832589829743978
LOSS
Mean: 0.38111446963416207
std: 0.02390696864191185