FNN MODEL
Params: 509502
ACCURACY
Mean: 0.7589313387870789
std: 0.0
LOSS
Mean: 0.5152353247006735
std: 0.003356697467774053

CHN MODEL
Params: 1259502
ACCURACY
Mean: 0.8131163318951925
std: 0.0017216933135808122
LOSS
Mean: 0.4119014839331309
std: 0.004709178763785351