FNN MODEL
Params: 2828251
ACCURACY
Mean: 0.8471013704935709
std: 0.001518300707337119
LOSS
Mean: 0.3304965727859073
std: 0.0039270036537249085

CHN MODEL
Params: 2760501
ACCURACY
Mean: 0.8445536295572916
std: 0.0040066728709479155
LOSS
Mean: 0.35735870401064557
std: 0.037137526455268396