FNN MODEL
Params: 2828251
ACCURACY
Mean: 0.8475563261244032
std: 0.0017530368906671391
LOSS
Mean: 0.3301803568998973
std: 0.0038913302673299144

CHN MODEL
Params: 2760501
ACCURACY
Mean: 0.8435754776000977
std: 0.005350548716411882
LOSS
Mean: 0.35620912578370834
std: 0.03333641382125669