FNN MODEL
Params: 1260501
ACCURACY
Mean: 0.8474312093522813
std: 0.0012795557608637547
LOSS
Mean: 0.32932786809073555
std: 0.0037016112525694806

CHN MODEL
Params: 2760501
ACCURACY
Mean: 0.8444967601034377
std: 0.004518350517046141
LOSS
Mean: 0.3573519090811412
std: 0.03767355069689389