FNN MODEL
Params: 258501
ACCURACY
Mean: 0.8468284010887146
std: 0.001421690659396505
LOSS
Mean: 0.3336439331372579
std: 0.0003697511547176056

CHN MODEL
Params: 758501
ACCURACY
Mean: 0.8481250007947286
std: 0.0020065137011701607
LOSS
Mean: 0.32440267006556195
std: 0.0013704185061718668