FNN MODEL
Params: 509502
ACCURACY
Mean: 0.8423584898312887
std: 0.0005083950665415077
LOSS
Mean: 0.33736445506413776
std: 0.002101942398930906

CHN MODEL
Params: 1259502
ACCURACY
Mean: 0.8494898676872253
std: 0.0010110559844316934
LOSS
Mean: 0.326420525709788
std: 0.0002801593523232956