FNN MODEL
Params: 509001
ACCURACY
Mean: 0.842221995194753
std: 0.0013276791811142985
LOSS
Mean: 0.3401590883731842
std: 0.0017513545771668019

CHN MODEL
Params: 1259001
ACCURACY
Mean: 0.8502405683199564
std: 0.0010270471634878273
LOSS
Mean: 0.3261714180310567
std: 0.0006572637144344446