FNN MODEL
Params: 736951
ACCURACY
Mean: 0.8474084536234537
std: 0.00037687215880417624
LOSS
Mean: 0.32998814185460407
std: 0.0003145944635614524

CHN MODEL
Params: 758501
ACCURACY
Mean: 0.8485344847043356
std: 0.0009971270048639807
LOSS
Mean: 0.3245194653669993
std: 0.0012354918340566408