FNN MODEL
Params: 258501
ACCURACY
Mean: 0.8372743725776672
std: 0.001038328734584637
LOSS
Mean: 0.35018429160118103
std: 0.001613178327872848

CHN MODEL
Params: 758501
ACCURACY
Mean: 0.8480567733446757
std: 0.0015190821668342896
LOSS
Mean: 0.3271379272143046
std: 0.00024068592759116043