FNN MODEL
Params: 1511502
ACCURACY
Mean: 0.8262644873725044
std: 0.025927959157559077
LOSS
Mean: 0.3711881670686934
std: 0.05527171340753729
CHN MODEL
Params: 3261502
ACCURACY
Mean: 0.8444626397556729
std: 0.0029436168821015993
LOSS
Mean: 0.32779351207945084
std: 0.008480912730769662
