FNN MODEL
Params: 1511502
ACCURACY
Mean: 0.8461004826757643
std: 0.0028286364324510917
LOSS
Mean: 0.3308812081813812
std: 0.004782270745638302

CHN MODEL
Params: 3261502
ACCURACY
Mean: 0.8474312027295431
std: 0.002016412369600024
LOSS
Mean: 0.32893502049975926
std: 0.003918091337205306