FNN MODEL
Params: 773026
ACCURACY
Mean: 0.9637500047683716
std: 0.003818806835896072
LOSS
Mean: 0.1195761611064275
std: 0.008720447368459339

CHN MODEL
Params: 1773026
ACCURACY
Mean: 0.9714583257834116
std: 0.005089648288163686
LOSS
Mean: 0.10983282576004665
std: 0.029181085541399625