FNN MODEL
Params: 759926
ACCURACY
Mean: 0.9594166477521261
std: 0.0020548039972922458
LOSS
Mean: 0.1255017394820849
std: 0.0030965880280692205

CHN MODEL
Params: 772026
ACCURACY
Mean: 0.9712499777475992
std: 0.0038242641052796005
LOSS
Mean: 0.10147559146086375
std: 0.01807764442146801