FNN MODEL
Params: 272026
ACCURACY
Mean: 0.9603333473205566
std: 0.0018521703767687592
LOSS
Mean: 0.1258084774017334
std: 0.005765156996694162

CHN MODEL
Params: 772026
ACCURACY
Mean: 0.9751666585604349
std: 0.003864012591246528
LOSS
Mean: 0.08994194120168686
std: 0.020519214958985784