FNN MODEL
Params: 773026
ACCURACY
Mean: 0.965541660785675
std: 0.006644898403683473
LOSS
Mean: 0.11314916114012401
std: 0.01670018518899763

CHN MODEL
Params: 1773026
ACCURACY
Mean: 0.9722916583220164
std: 0.006326895473762526
LOSS
Mean: 0.10478819285829861
std: 0.024272443653863225