FNN MODEL
Params: 272026
ACCURACY
Mean: 0.9599999785423279
std: 0.003813348269295418
LOSS
Mean: 0.12781575818856558
std: 0.008475812858344384

CHN MODEL
Params: 772026
ACCURACY
Mean: 0.9737499952316284
std: 0.004953946515785687
LOSS
Mean: 0.09112026294072469
std: 0.01657713696605384