FNN MODEL
Params: 1524526
ACCURACY
Mean: 0.8856388860278659
std: 0.026837505502059992
LOSS
Mean: 0.3671431541442871
std: 0.09535476298295137

CHN MODEL
Params: 3274526
ACCURACY
Mean: 0.9474722279442681
std: 0.009112301454584583
LOSS
Mean: 0.16046085953712463
std: 0.028595783961429196