FNN MODEL
Params: 1274026
ACCURACY
Mean: 0.9663888878292508
std: 0.006118190131273775
LOSS
Mean: 0.11471134920914967
std: 0.015962287384062714

CHN MODEL
Params: 2774026
ACCURACY
Mean: 0.9700833227899339
std: 0.0068272384377201295
LOSS
Mean: 0.11391168749994701
std: 0.028522564552123916