FNN MODEL
Params: 1861106
ACCURACY
Mean: 0.9643749992052714
std: 0.004205028140897372
LOSS
Mean: 0.11934104685982068
std: 0.014237388441389625

CHN MODEL
Params: 1773026
ACCURACY
Mean: 0.9662916660308838
std: 0.00568883554153817
LOSS
Mean: 0.12765535712242126
std: 0.035264325115067496