FNN MODEL
Params: 1023526
ACCURACY
Mean: 0.875124990940094
std: 0.02288364790475952
LOSS
Mean: 0.40024029711882275
std: 0.08884390351837831

CHN MODEL
Params: 2273526
ACCURACY
Mean: 0.9456250071525574
std: 0.007057426861445503
LOSS
Mean: 0.1643917461236318
std: 0.022400697851149714