FNN MODEL
Params: 759926
ACCURACY
Mean: 0.9618333379427592
std: 0.0014766755237706397
LOSS
Mean: 0.12269671509663264
std: 0.004254324981394938

CHN MODEL
Params: 772026
ACCURACY
Mean: 0.9709999958674113
std: 0.0026536049932433616
LOSS
Mean: 0.09796192745367686
std: 0.013035314749174312