FNN MODEL
Params: 1861106
ACCURACY
Mean: 0.964124987522761
std: 0.005828731622935098
LOSS
Mean: 0.11653895924488704
std: 0.015007960155865873

CHN MODEL
Params: 1773026
ACCURACY
Mean: 0.9694999953111013
std: 0.0038595058043639934
LOSS
Mean: 0.11277079333861668
std: 0.018001949043396068