FNN MODEL
Params: 1274026
ACCURACY
Mean: 0.9639166726006402
std: 0.004617292076576032
LOSS
Mean: 0.1243864397207896
std: 0.011916042191431513

CHN MODEL
Params: 2774026
ACCURACY
Mean: 0.9671388798289828
std: 0.00846406680504298
LOSS
Mean: 0.13117103278636932
std: 0.041982966962035344