FNN MODEL
Params: 2848526
ACCURACY
Mean: 0.9646944337420993
std: 0.005770840897718944
LOSS
Mean: 0.12074459344148636
std: 0.016234791042143083

CHN MODEL
Params: 2774026
ACCURACY
Mean: 0.9678055511580573
std: 0.004087204117114633
LOSS
Mean: 0.1237916929854287
std: 0.022198802974168316