FNN MODEL
Params: 522526
ACCURACY
Mean: 0.8525833288828532
std: 0.0030912220706837005
LOSS
Mean: 0.4874450961748759
std: 0.011262190133299495

CHN MODEL
Params: 1272526
ACCURACY
Mean: 0.9472500085830688
std: 0.0023003639831699965
LOSS
Mean: 0.15404400726159415
std: 0.008516319577366543