FNN MODEL
Params: 256501
ACCURACY
Mean: 2.2764323552449546
std: 0.006145422753696097
LOSS
Mean: 8.810624440511068
std: 0.02596839433951543

CHN MODEL
Params: 756501
ACCURACY
Mean: 2.076301018397013
std: 0.002472918451721834
LOSS
Mean: 8.0020751953125
std: 0.012224683019346703