FNN MODEL
Params: 1258501
ACCURACY
Mean: 2.140499989191691
std: 0.09652341657332919
LOSS
Mean: 8.256546762254503
std: 0.3938123353321494

CHN MODEL
Params: 2758501
ACCURACY
Mean: 2.04290329085456
std: 0.024777430187197354
LOSS
Mean: 7.836918407016331
std: 0.12159683179803