FNN MODEL
Params: 757501
ACCURACY
Mean: 2.179390549659729
std: 0.09714025891161468
LOSS
Mean: 8.417434056599935
std: 0.3936359387600238

CHN MODEL
Params: 1757501
ACCURACY
Mean: 2.0556930700937905
std: 0.020688147983141805
LOSS
Mean: 7.898221651713054
std: 0.1042645598643611