FNN MODEL
Params: 1258501
ACCURACY
Mean: 2.7623162269592285
std: 0.2130895427193401
LOSS
Mean: 12.383248223198784
std: 1.8127772030317895

CHN MODEL
Params: 2758501
ACCURACY
Mean: 2.143521335389879
std: 0.09295073645564834
LOSS
Mean: 8.27440849939982
std: 0.3910916113423557