FNN MODEL
Params: 757501
ACCURACY
Mean: 2.6465792655944824
std: 0.1386266124875103
LOSS
Mean: 11.386096636454264
std: 1.1522582599408029

CHN MODEL
Params: 1757501
ACCURACY
Mean: 2.18327804406484
std: 0.09060722683003317
LOSS
Mean: 8.442979653676352
std: 0.379489938041166