FNN MODEL
Params: 256501
ACCURACY
Mean: 2.780892531077067
std: 0.035599330792563125
LOSS
Mean: 12.498652776082357
std: 0.2877662596437058

CHN MODEL
Params: 756501
ACCURACY
Mean: 2.2736968994140625
std: 0.005084345231252796
LOSS
Mean: 8.821621259053549
std: 0.028174688153496733