FNN MODEL
Params: 648010
ACCURACY
Mean: 0.09771428257226944
std: 0.0
LOSS
Mean: 4.329226707492732e-07
std: 2.7042061330821576e-07

CHN MODEL
Params: 1148010
ACCURACY
Mean: 0.09771428257226944
std: 0.0
LOSS
Mean: 1.5786145960798118e-07
std: 1.661743446697736e-08