FNN MODEL
Params: 1149010
ACCURACY
Mean: 0.09771428257226944
std: 0.0
LOSS
Mean: 2.406664947329773e-07
std: 2.7141395557866927e-07

CHN MODEL
Params: 2149010
ACCURACY
Mean: 0.09771428257226944
std: 0.0
LOSS
Mean: 8.813822664303454e-08
std: 7.097413603355364e-08