FNN MODEL
Params: 1650010
ACCURACY
Mean: 0.09771428257226944
std: 0.0
LOSS
Mean: 1.6768487457833695e-07
std: 2.44510255672836e-07

CHN MODEL
Params: 3150010
ACCURACY
Mean: 0.09771428257226944
std: 0.0
LOSS
Mean: 5.875881776202303e-08
std: 7.130580614182061e-08