FNN MODEL
Params: 1650010
ACCURACY
Mean: 0.09771428257226944
std: 0.0
LOSS
Mean: 2.283161931567722
std: 0.001893609404954204

CHN MODEL
Params: 3150010
ACCURACY
Mean: 0.09771428257226944
std: 0.0
LOSS
Mean: 2.155171526802911
std: 0.06941470969692667