FNN MODEL
Params: 1149010
ACCURACY
Mean: 0.09771428257226944
std: 0.0
LOSS
Mean: 2.28389843304952
std: 0.00149088703346957

CHN MODEL
Params: 2149010
ACCURACY
Mean: 0.09771428257226944
std: 0.0
LOSS
Mean: 2.1919424136479697
std: 0.04133578246623332