FNN MODEL
Params: 1149010
ACCURACY
Mean: 0.09771428257226944
std: 0.0
LOSS
Mean: 2.5126619362936253e-07
std: 2.344684461983941e-07

CHN MODEL
Params: 2149010
ACCURACY
Mean: 0.09771428257226944
std: 0.0
LOSS
Mean: 8.27596170852966e-08
std: 6.383873339663437e-08