FNN MODEL
Params: 648010
ACCURACY
Mean: 0.09771428257226944
std: 0.0
LOSS
Mean: 4.5884786459282623e-07
std: 1.537761899467163e-07

CHN MODEL
Params: 1148010
ACCURACY
Mean: 0.09771428257226944
std: 0.0
LOSS
Mean: 1.4617611062324917e-07
std: 8.780237007770478e-09