FNN MODEL
Params: 1650010
ACCURACY
Mean: 0.09771428257226944
std: 0.0
LOSS
Mean: 1.724863640559546e-07
std: 2.2150276703740473e-07

CHN MODEL
Params: 3150010
ACCURACY
Mean: 0.09771428257226944
std: 0.0
LOSS
Mean: 5.51730780568644e-08
std: 6.5107271935825e-08