FNN MODEL
Params: 1258501
ACCURACY
Mean: 1.9942592117521498
std: 0.00822121554220388
LOSS
Mean: 7.683038075764974
std: 0.05921752514118063

CHN MODEL
Params: 2758501
ACCURACY
Mean: 2.0039890342288547
std: 0.013197477330233593
LOSS
Mean: 7.765732447306315
std: 0.09553251297764664