FNN MODEL
Params: 256501
ACCURACY
Mean: 1.993077556292216
std: 0.0031843948091722497
LOSS
Mean: 7.61355447769165
std: 0.012934709404454035

CHN MODEL
Params: 756501
ACCURACY
Mean: 1.9901762406031291
std: 0.010800605490444723
LOSS
Mean: 7.639070510864258
std: 0.03176432960398708