FNN MODEL
Params: 757501
ACCURACY
Mean: 1.9918467005093892
std: 0.007575757383270469
LOSS
Mean: 7.647296031316121
std: 0.03764237467667103

CHN MODEL
Params: 1757501
ACCURACY
Mean: 1.9983234008153279
std: 0.012081220726336692
LOSS
Mean: 7.719419399897258
std: 0.08346789000292659