FNN MODEL
Params: 1149010
ACCURACY
Mean: 0.09771428257226944
std: 0.0
LOSS
Mean: 0.5505661212440032
std: 0.5506727694109852

CHN MODEL
Params: 2149010
ACCURACY
Mean: 0.09771428257226944
std: 0.0
LOSS
Mean: 1.167967115615435e-08
std: 1.3580068561490484e-08