FNN MODEL
Params: 1650010
ACCURACY
Mean: 0.09771428257226944
std: 0.0
LOSS
Mean: 0.36704408098449676
std: 0.5191541304556864

CHN MODEL
Params: 3150010
ACCURACY
Mean: 0.09771428257226944
std: 0.0
LOSS
Mean: 7.786447437436234e-09
std: 1.237981784752237e-08