FNN MODEL
Params: 524003
ACCURACY
Mean: 0.8046181201934814
std: 0.0
LOSS
Mean: 0.48844587802886963
std: 0.0

CHN MODEL
Params: 1274003
ACCURACY
Mean: 0.8017317652702332
std: 0.0
LOSS
Mean: 0.49360179901123047
std: 0.0