FNN MODEL
Params: 1275503
ACCURACY
Mean: 0.80042431751887
std: 0.00937788764676528
LOSS
Mean: 0.737096819612715
std: 0.27478564931134747

CHN MODEL
Params: 2775503
ACCURACY
Mean: 0.8103743195533752
std: 0.007471348045870416
LOSS
Mean: 0.9091344144609239
std: 0.3155938999538214