FNN MODEL
Params: 774503
ACCURACY
Mean: 0.801374077796936
std: 0.011221432634505746
LOSS
Mean: 0.5471799572308859
std: 0.03131531162679697

CHN MODEL
Params: 1774503
ACCURACY
Mean: 0.8132770955562592
std: 0.00614891691203017
LOSS
Mean: 0.7744962275028229
std: 0.3008292176715427