FNN MODEL
Params: 1863423
ACCURACY
Mean: 0.8070357143878937
std: 0.004873256396071342
LOSS
Mean: 0.6261287579933802
std: 0.13345544225881015

CHN MODEL
Params: 1774503
ACCURACY
Mean: 0.8111925224463145
std: 0.009113589701041418
LOSS
Mean: 0.7854809065659841
std: 0.31204022708644036