FNN MODEL
Params: 1863423
ACCURACY
Mean: 0.8077758153279623
std: 0.005673852229409696
LOSS
Mean: 0.6155025760332743
std: 0.12479043086904364

CHN MODEL
Params: 1774503
ACCURACY
Mean: 0.8137828012307485
std: 0.006859979057288701
LOSS
Mean: 0.7760171194871267
std: 0.3034676683334058