FNN MODEL
Params: 2850753
ACCURACY
Mean: 0.8066821230782403
std: 0.006575734234587251
LOSS
Mean: 0.7753454479906294
std: 0.2538683326502405

CHN MODEL
Params: 2775503
ACCURACY
Mean: 0.8085405627886454
std: 0.008557056059837441
LOSS
Mean: 0.9214382635222541
std: 0.3198529359718311