FNN MODEL
Params: 774503
ACCURACY
Mean: 0.8022498587767283
std: 0.010440243235352444
LOSS
Mean: 0.5436287025610606
std: 0.027423962097401746

CHN MODEL
Params: 1774503
ACCURACY
Mean: 0.8140418330828348
std: 0.005984707806527841
LOSS
Mean: 0.7730733553568522
std: 0.30569056617105733