FNN MODEL
Params: 762453
ACCURACY
Mean: 0.8032613197962443
std: 0.0020935595307737995
LOSS
Mean: 0.4908883174260457
std: 0.002821280106580021

CHN MODEL
Params: 773503
ACCURACY
Mean: 0.8192224105199178
std: 0.0019415327023099035
LOSS
Mean: 0.47268766164779663
std: 0.005782500642708093