FNN MODEL
Params: 273503
ACCURACY
Mean: 0.7922587394714355
std: 0.00254011579968532
LOSS
Mean: 0.5169252753257751
std: 0.006462787546427836

CHN MODEL
Params: 773503
ACCURACY
Mean: 0.8194937705993652
std: 0.0025941620613241616
LOSS
Mean: 0.4684135913848877
std: 0.003113115193392386