FNN MODEL
Params: 1025003
ACCURACY
Mean: 0.8044700920581818
std: 0.00014802813529968262
LOSS
Mean: 0.49056820571422577
std: 0.00212232768535614

CHN MODEL
Params: 2275003
ACCURACY
Mean: 0.7663558125495911
std: 0.03537595272064209
LOSS
Mean: 0.5832463502883911
std: 0.08964455127716064