FNN MODEL
Params: 1275503
ACCURACY
Mean: 0.7992319530910916
std: 0.009795649658917042
LOSS
Mean: 0.7293150822321574
std: 0.25913092830739143

CHN MODEL
Params: 2775503
ACCURACY
Mean: 0.8093464308314853
std: 0.007801656163594711
LOSS
Mean: 0.9046732253498502
std: 0.30703561047296085