FNN MODEL
Params: 1526003
ACCURACY
Mean: 0.8060489296913147
std: 0.002236082458859798
LOSS
Mean: 0.49056291580200195
std: 0.001732889447049476

CHN MODEL
Params: 3276003
ACCURACY
Mean: 0.7298697233200073
std: 0.059133533367007836
LOSS
Mean: 0.6709601283073425
std: 0.1440307053762198