FNN MODEL
Params: 524003
ACCURACY
Mean: 0.7470643321673075
std: 0.0028690981130585383
LOSS
Mean: 0.6324434081713358
std: 0.006595441025691455

CHN MODEL
Params: 1274003
ACCURACY
Mean: 0.7935415506362915
std: 0.0006289499194453646
LOSS
Mean: 0.5167087912559509
std: 0.0010519152009408421