FNN MODEL
Params: 2850753
ACCURACY
Mean: 0.8101358479923673
std: 0.005990658142308386
LOSS
Mean: 0.8020044830110338
std: 0.28432796932541854

CHN MODEL
Params: 2775503
ACCURACY
Mean: 0.8092230690850152
std: 0.008580692716050537
LOSS
Mean: 0.9194710850715637
std: 0.3203755004312161