FNN MODEL
Params: 1025003
ACCURACY
Mean: 0.7648139794667562
std: 0.018039930082092707
LOSS
Mean: 0.5890073080857595
std: 0.04387250059781085

CHN MODEL
Params: 2275003
ACCURACY
Mean: 0.7984877725442251
std: 0.005073289789380094
LOSS
Mean: 0.5259809692700704
std: 0.009411769640563415