FNN MODEL
Params: 1526003
ACCURACY
Mean: 0.7740609116024442
std: 0.019798582108114433
LOSS
Mean: 0.5722780492570665
std: 0.04294105775075576

CHN MODEL
Params: 3276003
ACCURACY
Mean: 0.7959098087416755
std: 0.005685764110868231
LOSS
Mean: 0.5898169146643745
std: 0.09068778930744349