FNN MODEL
Params: 273503
ACCURACY
Mean: 0.7914692958196005
std: 0.002741532714905998
LOSS
Mean: 0.5198588768641154
std: 0.004526025192928345

CHN MODEL
Params: 773503
ACCURACY
Mean: 0.8192470868428549
std: 0.0012105699405020487
LOSS
Mean: 0.4744211634000142
std: 0.004316430687404806