FNN MODEL
Params: 762453
ACCURACY
Mean: 0.8027925690015157
std: 0.001893913478628671
LOSS
Mean: 0.49350234866142273
std: 0.004267740056722788

CHN MODEL
Params: 773503
ACCURACY
Mean: 0.8175695737202963
std: 0.002090652012025957
LOSS
Mean: 0.47448315223058063
std: 0.010318847840514166