FNN MODEL
Params: 733551
ACCURACY
Mean: 0.840255856513977
std: 0.0005401670749160062
LOSS
Mean: 0.3739552100499471
std: 0.0002521372717145716

CHN MODEL
Params: 756501
ACCURACY
Mean: 0.8569926420847574
std: 0.00397520301445275
LOSS
Mean: 0.3450690706570943
std: 0.006655464710926154