FNN MODEL
Params: 757501
ACCURACY
Mean: 0.8469155331452688
std: 0.007635118251064026
LOSS
Mean: 0.36482735971609753
std: 0.012940932156113154

CHN MODEL
Params: 1757501
ACCURACY
Mean: 0.8604100942611694
std: 0.006746717891479654
LOSS
Mean: 0.3369081070025762
std: 0.016317302948177088