FNN MODEL
Params: 1836901
ACCURACY
Mean: 0.8459516366322836
std: 0.007677737660203863
LOSS
Mean: 0.3647373119990031
std: 0.012684510023904609

CHN MODEL
Params: 1757501
ACCURACY
Mean: 0.8591833213965098
std: 0.007459631752748249
LOSS
Mean: 0.3394750952720642
std: 0.016341716237849576