FNN MODEL
Params: 2825251
ACCURACY
Mean: 0.8480546673138937
std: 0.008227617851859026
LOSS
Mean: 0.3611103958553738
std: 0.01626425639228465

CHN MODEL
Params: 2758501
ACCURACY
Mean: 0.8599135478337606
std: 0.007824306674331904
LOSS
Mean: 0.33897073401345146
std: 0.017020576793032486