FNN MODEL
Params: 1258501
ACCURACY
Mean: 0.8485512336095175
std: 0.008608373232141486
LOSS
Mean: 0.3604789906077915
std: 0.016407756664030246

CHN MODEL
Params: 2758501
ACCURACY
Mean: 0.8618997600343492
std: 0.006849502345159637
LOSS
Mean: 0.3343171742227342
std: 0.01591478269180418