FNN MODEL
Params: 507001
ACCURACY
Mean: 0.8349106113115946
std: 0.003095611090279594
LOSS
Mean: 0.38244904081026715
std: 0.004032702939993365

CHN MODEL
Params: 1257001
ACCURACY
Mean: 0.8543638189633688
std: 0.0021139784437372833
LOSS
Mean: 0.3474399348100026
std: 0.003633919272881387