FNN MODEL
Params: 1258501
ACCURACY
Mean: 0.8487264845106337
std: 0.008912237365005725
LOSS
Mean: 0.361835691663954
std: 0.017600045108888927

CHN MODEL
Params: 2758501
ACCURACY
Mean: 0.8618413276142545
std: 0.007267353640661315
LOSS
Mean: 0.33472444944911534
std: 0.015688658704322164