FNN MODEL
Params: 757501
ACCURACY
Mean: 0.846608837445577
std: 0.007856789768356088
LOSS
Mean: 0.36396505932013196
std: 0.013405967539369125

CHN MODEL
Params: 1757501
ACCURACY
Mean: 0.8611549337704977
std: 0.007292162531313556
LOSS
Mean: 0.33675480882326764
std: 0.01653897210363754