FNN MODEL
Params: 507502
ACCURACY
Mean: 0.847003161907196
std: 0.0
LOSS
Mean: 0.35775259137153625
std: 0.0

CHN MODEL
Params: 1257502
ACCURACY
Mean: 0.8459516167640686
std: 0.0
LOSS
Mean: 0.3560012876987457
std: 0.0