FNN MODEL
Params: 256501
ACCURACY
Mean: 0.8414826591809591
std: 0.0005678900866761999
LOSS
Mean: 0.374247541030248
std: 0.0011937361300159884

CHN MODEL
Params: 756501
ACCURACY
Mean: 0.8577812711397806
std: 0.0030955908435516878
LOSS
Mean: 0.3432087500890096
std: 0.0035905913363030234