FNN MODEL
Params: 1836901
ACCURACY
Mean: 0.8460830549399058
std: 0.007875836059129006
LOSS
Mean: 0.3649278034766515
std: 0.012849279720181416

CHN MODEL
Params: 1757501
ACCURACY
Mean: 0.8594023883342743
std: 0.007542157546059064
LOSS
Mean: 0.3392342726389567
std: 0.017759065381089803