FNN MODEL
Params: 1008502
ACCURACY
Mean: 0.8429284989833832
std: 0.004074662923812866
LOSS
Mean: 0.36393246054649353
std: 0.006179869174957275

CHN MODEL
Params: 2258502
ACCURACY
Mean: 0.8421398401260376
std: 0.003811776638031006
LOSS
Mean: 0.3640021085739136
std: 0.008000820875167847