FNN MODEL
Params: 2825251
ACCURACY
Mean: 0.8480838934580485
std: 0.008214007333507033
LOSS
Mean: 0.36032750871446395
std: 0.015862036904345293

CHN MODEL
Params: 2758501
ACCURACY
Mean: 0.8598259157604642
std: 0.006617764954726601
LOSS
Mean: 0.3377738727463616
std: 0.015648168936802688