FNN MODEL
Params: 1509502
ACCURACY
Mean: 0.8360497752825419
std: 0.010281160673783915
LOSS
Mean: 0.3735086917877197
std: 0.014452298487919882

CHN MODEL
Params: 3259502
ACCURACY
Mean: 0.830091118812561
std: 0.017321368248644258
LOSS
Mean: 0.38233253359794617
std: 0.026733581620146628