FNN MODEL
Params: 1509001
ACCURACY
Mean: 0.8454258706834581
std: 0.008241616170098597
LOSS
Mean: 0.36301010515954757
std: 0.014546511459802292

CHN MODEL
Params: 3259001
ACCURACY
Mean: 0.8568465974595811
std: 0.004031066083457942
LOSS
Mean: 0.3415733112229241
std: 0.0072401953503950225