FNN MODEL
Params: 256501
ACCURACY
Mean: 0.8407816489537557
std: 0.0004956750363871211
LOSS
Mean: 0.37427135308583576
std: 0.001704822843271846

CHN MODEL
Params: 756501
ACCURACY
Mean: 0.8572555184364319
std: 0.0033733593328229253
LOSS
Mean: 0.3436546226342519
std: 0.004922605160041608