FNN MODEL
Params: 1008001
ACCURACY
Mean: 0.8414388298988342
std: 0.007190366901665364
LOSS
Mean: 0.36969556907812756
std: 0.01320904246384986

CHN MODEL
Params: 2258001
ACCURACY
Mean: 0.8558534880479177
std: 0.002402972062083329
LOSS
Mean: 0.34263577063878375
std: 0.006487122524493075