FNN MODEL
Params: 733551
ACCURACY
Mean: 0.8406063914299011
std: 0.0008126271376436744
LOSS
Mean: 0.3739933768908183
std: 0.0007310721835736596

CHN MODEL
Params: 756501
ACCURACY
Mean: 0.8564668695131937
std: 0.004078178386360503
LOSS
Mean: 0.3453838626543681
std: 0.005298273650860699