FNN MODEL
Params: 757001
ACCURACY
Mean: 8.462864557902018
std: 0.3844380075658873
LOSS
Mean: 115.64258193969727
std: 9.792984602947156

CHN MODEL
Params: 1757001
ACCURACY
Mean: 7.909420649210612
std: 0.1296722589746577
LOSS
Mean: 101.98398844401042
std: 3.1946552898064113