FNN MODEL
Params: 256001
ACCURACY
Mean: 8.844208399454752
std: 0.06845512832158936
LOSS
Mean: 125.35328165690105
std: 1.7871604265755257

CHN MODEL
Params: 756001
ACCURACY
Mean: 8.038716952006022
std: 0.0012176755108958659
LOSS
Mean: 105.17085266113281
std: 0.07446777687300363