FNN MODEL
Params: 2824501
ACCURACY
Mean: 8.12750334209866
std: 0.2113539092282414
LOSS
Mean: 107.16849602593317
std: 5.330980892652016

CHN MODEL
Params: 2758001
ACCURACY
Mean: 7.828810373942058
std: 0.15339168056675545
LOSS
Mean: 100.07326338026259
std: 3.7093216172783596