FNN MODEL
Params: 1258001
ACCURACY
Mean: 8.3128113216824
std: 0.37890739312582294
LOSS
Mean: 111.82536146375868
std: 9.647966620383787

CHN MODEL
Params: 2758001
ACCURACY
Mean: 7.829727861616346
std: 0.1546436909761234
LOSS
Mean: 100.10478634304471
std: 3.724783606029408