FNN MODEL
Params: 732701
ACCURACY
Mean: 8.418562253316244
std: 0.0034122199909284506
LOSS
Mean: 114.52719624837239
std: 0.06617371354544581

CHN MODEL
Params: 756001
ACCURACY
Mean: 8.034805615743002
std: 0.005633547966324735
LOSS
Mean: 105.0799789428711
std: 0.07700059200544124