FNN MODEL
Params: 1836121
ACCURACY
Mean: 8.229594548543295
std: 0.1890184864935965
LOSS
Mean: 109.71664810180664
std: 4.811119129532236

CHN MODEL
Params: 1757001
ACCURACY
Mean: 7.909534295399983
std: 0.1253460080066827
LOSS
Mean: 101.9973653157552
std: 3.0834020691580695