FNN MODEL
Params: 1650010
ACCURACY
Mean: 0.9453095263904996
std: 0.0017519019910587688
LOSS
Mean: 0.3124709460470412
std: 0.09726190918617537

CHN MODEL
Params: 3150010
ACCURACY
Mean: 0.945865081416236
std: 0.0019635168957009537
LOSS
Mean: 0.3032449897792604
std: 0.1054407580965071