FNN MODEL
Params: 1276810
ACCURACY
Mean: 0.8311428427696228
std: 0.0
LOSS
Mean: 0.7030791640281677
std: 0.0

CHN MODEL
Params: 1148010
ACCURACY
Mean: 0.8650000095367432
std: 0.0
LOSS
Mean: 0.4439343214035034
std: 0.0