FNN MODEL
Params: 2286010
ACCURACY
Mean: 0.8553214073181152
std: 0.02417856454849243
LOSS
Mean: 0.5486318320035934
std: 0.15444733202457428

CHN MODEL
Params: 2149010
ACCURACY
Mean: 0.8783928751945496
std: 0.013392865657806396
LOSS
Mean: 0.3948732316493988
std: 0.049061089754104614