FNN MODEL
Params: 648010
ACCURACY
Mean: 0.9431666731834412
std: 0.0009868925418021408
LOSS
Mean: 0.1889382302761078
std: 0.002225990052133795

CHN MODEL
Params: 1148010
ACCURACY
Mean: 0.9445714354515076
std: 0.0013788936409612471
LOSS
Mean: 0.17994477848211923
std: 0.001623080323620216