FNN MODEL
Params: 3168010
ACCURACY
Mean: 0.8664047519365946
std: 0.025207466716848596
LOSS
Mean: 0.48484553893407184
std: 0.1550484911678962

CHN MODEL
Params: 3150010
ACCURACY
Mean: 0.8850952585538229
std: 0.01447145877493673
LOSS
Mean: 0.36824309825897217
std: 0.05498170932856402