FNN MODEL
Params: 1149010
ACCURACY
Mean: 0.9450595279534658
std: 0.0020246865756056867
LOSS
Mean: 0.25696303447087604
std: 0.06826528114730225

CHN MODEL
Params: 2149010
ACCURACY
Mean: 0.946154773235321
std: 0.002256292584844746
LOSS
Mean: 0.23660922795534134
std: 0.05720088537325307