FNN MODEL
Params: 1836901
ACCURACY
Mean: 7.911463618278503
std: 4.808005452156067
LOSS
Mean: 99.94561290740967
std: 85.18271350860596

CHN MODEL
Params: 1757501
ACCURACY
Mean: 2.551652669906616
std: 0.5481555461883545
LOSS
Mean: 10.743337869644165
std: 4.021930456161499