FNN MODEL
Params: 1836901
ACCURACY
Mean: 3.0954410632451377
std: 0.1260195396501136
LOSS
Mean: 14.6792311668396
std: 1.176415915468947

CHN MODEL
Params: 1757501
ACCURACY
Mean: 2.2398804426193237
std: 0.2269567837087657
LOSS
Mean: 8.095925172170004
std: 1.3472644627943762