FNN MODEL
Params: 757501
ACCURACY
Mean: 1.5845115979512532
std: 0.42063587486442294
LOSS
Mean: 4.568850755691528
std: 2.1312684019169774

CHN MODEL
Params: 1757501
ACCURACY
Mean: 1.0217804312705994
std: 0.1512699405407034
LOSS
Mean: 1.8401879668235779
std: 0.635259031486392