FNN MODEL
Params: 1258501
ACCURACY
Mean: 1.395564874013265
std: 0.4351626941191243
LOSS
Mean: 3.637174606323242
std: 2.182747852969229

CHN MODEL
Params: 2758501
ACCURACY
Mean: 0.9681184225612216
std: 0.14516862691323518
LOSS
Mean: 1.6176735560099285
std: 0.6070045212284962