FNN MODEL
Params: 733551
ACCURACY
Mean: 3.2186391353607178
std: 0.032503613638332804
LOSS
Mean: 15.827576637268066
std: 0.3191783935891521

CHN MODEL
Params: 756501
ACCURACY
Mean: 2.465064366658529
std: 0.039574984217464686
LOSS
Mean: 9.427407264709473
std: 0.287524997232945