FNN MODEL
Params: 2825251
ACCURACY
Mean: 3.238890912797716
std: 0.0666311576783823
LOSS
Mean: 16.03326988220215
std: 0.6545731475321156

CHN MODEL
Params: 2758501
ACCURACY
Mean: 2.2908697923024497
std: 0.3762366490500445
LOSS
Mean: 8.593551688724094
std: 2.556184193359114