FNN MODEL
Params: 2825251
ACCURACY
Mean: 2.981420384513007
std: 0.19239489416472216
LOSS
Mean: 13.659545262654623
std: 1.7409566323707515

CHN MODEL
Params: 2758501
ACCURACY
Mean: 2.13608980178833
std: 0.23654191640793884
LOSS
Mean: 7.488698429531521
std: 1.3962855714556275