FNN MODEL
Params: 733551
ACCURACY
Mean: 3.327310085296631
std: 0.005569099837700655
LOSS
Mean: 16.901095072428387
std: 0.05911357639328606

CHN MODEL
Params: 756501
ACCURACY
Mean: 2.820650100708008
std: 0.014712588811036532
LOSS
Mean: 12.19958750406901
std: 0.10650653240297289