FNN MODEL
Params: 757501
ACCURACY
Mean: 3.064072529474894
std: 0.13888572595602663
LOSS
Mean: 14.397725582122803
std: 1.2826989743943258

CHN MODEL
Params: 1757501
ACCURACY
Mean: 2.2330185969670615
std: 0.22388300357333218
LOSS
Mean: 8.043091456095377
std: 1.3322481942454252