FNN MODEL
Params: 256501
ACCURACY
Mean: 3.1974310080210366
std: 0.020402228953859396
LOSS
Mean: 15.637587865193685
std: 0.1831842137932541

CHN MODEL
Params: 756501
ACCURACY
Mean: 2.45395557085673
std: 0.05106970573639673
LOSS
Mean: 9.356170972188314
std: 0.31754155340769524