FNN MODEL
Params: 2825251
ACCURACY
Mean: 6.11997667948405
std: 4.672272308244018
LOSS
Mean: 69.96800867716472
std: 81.45372897887012

CHN MODEL
Params: 2758501
ACCURACY
Mean: 2.3440773089726767
std: 0.5352489104566953
LOSS
Mean: 9.232832113901773
std: 3.917550893827428