FNN MODEL
Params: 1836901
ACCURACY
Mean: 3.268765648206075
std: 0.06144571166888713
LOSS
Mean: 16.329250653584797
std: 0.597873670772869

CHN MODEL
Params: 1757501
ACCURACY
Mean: 2.4436391989390054
std: 0.3772006535834273
LOSS
Mean: 9.595006863276163
std: 2.606013075363973