FNN MODEL
Params: 733551
ACCURACY
Mean: 12.71946907043457
std: 0.0
LOSS
Mean: 185.12832641601562
std: 0.0

CHN MODEL
Params: 756501
ACCURACY
Mean: 3.0998082160949707
std: 0.0
LOSS
Mean: 14.765268325805664
std: 0.0