FNN MODEL
Params: 1258501
ACCURACY
Mean: 2.9824830955929227
std: 0.1627373921920625
LOSS
Mean: 13.667345470852322
std: 1.4788060706067514

CHN MODEL
Params: 2758501
ACCURACY
Mean: 2.1270441346698337
std: 0.23651324613157723
LOSS
Mean: 7.421336438920763
std: 1.399163751487655