FNN MODEL
Params: 256501
ACCURACY
Mean: 2.0048145055770874
std: 0.01826121810038423
LOSS
Mean: 6.698359966278076
std: 0.09636689618918334

CHN MODEL
Params: 756501
ACCURACY
Mean: 1.172393759091695
std: 0.012139728950955612
LOSS
Mean: 2.473562717437744
std: 0.05053055076631147